SCREEN4 DC.B 1,1,1,1,1,1,1,1,1,1,1,1,1,1,1,1,1,1,1,1
        DC.B 1,0,0,0,0,0,0,0,0,0,0,0,0,0,0,0,0,0,0,1
        DC.B 1,0,0,0,0,0,0,0,0,0,0,0,0,0,0,0,0,0,0,1
        DC.B 1,0,0,0,0,0,0,0,0,0,0,0,0,0,0,0,0,0,0,1
        DC.B 1,1,1,1,1,1,1,1,1,1,0,0,1,1,1,1,1,1,0,1
        DC.B 1,0,0,0,0,0,0,0,0,0,0,1,0,0,0,0,0,0,0,1
        DC.B 1,0,0,0,0,0,0,0,0,0,1,0,0,0,0,0,0,0,0,1
        DC.B 1,0,0,0,0,0,0,0,0,1,0,0,0,0,0,0,0,0,0,1
        DC.B 1,0,0,1,1,1,1,1,1,1,0,0,1,1,1,1,1,1,1,1
        DC.B 1,1,0,0,0,0,0,0,0,0,0,0,0,0,0,0,0,0,0,1
        DC.B 1,1,1,0,0,0,0,0,0,0,0,0,0,0,0,0,0,0,0,1
        DC.B 1,1,1,1,0,0,0,0,0,1,1,1,1,1,1,1,1,1,1,1
        DC.B 1,0,0,0,0,1,1,1,0,0,0,0,0,0,0,0,0,0,0,1
        DC.B 1,0,0,0,1,1,1,1,1,0,0,0,0,0,0,0,0,0,0,1
        DC.B 1,1,1,1,1,1,1,1,1,1,1,1,1,1,1,1,1,1,1,1
        
